x1: [16, 19, 30, 18, 12, 22, 21, 19, 28, 13, 27, 18, 24, 11, 21, 13, 16, 28, 11, 24, 20, 27, 14, 22, 18, 46, 47, 54, 43, 53, 53, 50, 49, 50, 45, 48, 42, 50, 43, 42, 48, 54, 52, 44, 50, 40, 46, 47, 52, 47, 80, 85, 77, 81, 65, 67, 70, 84, 82, 82, 81, 83, 74, 68, 69, 72, 78, 69, 78, 70, 67, 68, 77, 82, 78]
x2: [76, 77, 82, 81, 78, 88, 79, 84, 89, 75, 88, 78, 84, 78, 83, 80, 89, 79, 77, 87, 81, 79, 84, 83, 76, 54, 54, 58, 63, 54, 53, 55, 65, 61, 51, 58, 51, 61, 60, 61, 59, 57, 61, 53, 55, 52, 62, 56, 63, 63, 37, 31, 30, 25, 36, 39, 37, 26, 40, 37, 27, 31, 32, 28, 30, 32, 40, 38, 35, 34, 32, 33, 28, 29, 39]
x1: [17, 29, 22, 18, 15, 26, 10, 11, 30, 23, 18, 12, 16, 24, 14, 14, 15, 21, 19, 18, 26, 20, 17, 18, 16, 43, 42, 54, 52, 46, 48, 54, 41, 49, 55, 40, 43, 53, 46, 40, 40, 43, 48, 41, 50, 54, 55, 46, 52, 49, 71, 79, 81, 76, 74, 81, 77, 67, 81, 76, 71, 84, 77, 69, 77, 76, 84, 77, 65, 77, 70, 75, 65, 70, 82]
x2: [85, 76, 76, 78, 84, 90, 80, 77, 88, 83, 88, 81, 87, 77, 77, 77, 75, 75, 77, 80, 78, 76, 75, 87, 87, 59, 63, 60, 56, 50, 51, 62, 53, 62, 61, 58, 54, 50, 58, 56, 64, 58, 64, 57, 61, 54, 63, 50, 60, 57, 28, 35, 37, 36, 33, 35, 35, 25, 39, 31, 27, 36, 30, 31, 36, 38, 39, 38, 30, 39, 38, 36, 40, 25, 29]
x1: [19, 10, 15, 20, 29, 29, 21, 20, 10, 27, 11, 18, 13, 12, 19, 26, 23, 26, 18, 24, 14, 23, 17, 22, 29, 50, 50, 52, 44, 52, 45, 52, 45, 50, 54, 49, 43, 50, 54, 46, 48, 48, 42, 53, 45, 45, 55, 40, 48, 47, 67, 79, 82, 66, 67, 74, 78, 69, 83, 85, 73, 84, 65, 71, 80, 85, 74, 67, 73, 83, 85, 66, 79, 70, 66]
x2: [78, 85, 81, 87, 80, 75, 76, 75, 86, 77, 81, 85, 88, 75, 77, 88, 87, 85, 88, 84, 79, 85, 84, 81, 80, 51, 58, 58, 60, 57, 51, 57, 60, 61, 55, 57, 54, 61, 62, 57, 65, 52, 59, 57, 56, 54, 51, 57, 65, 52, 25, 31, 32, 26, 33, 35, 25, 37, 39, 29, 32, 39, 31, 26, 25, 28, 40, 26, 26, 25, 27, 28, 25, 33, 25]
x1: [10, 15, 28, 15, 16, 29, 10, 21, 11, 29, 18, 14, 15, 11, 14, 28, 30, 30, 19, 28, 23, 10, 15, 10, 19, 50, 43, 48, 46, 47, 42, 53, 43, 51, 55, 49, 42, 45, 53, 46, 55, 43, 54, 40, 49, 49, 53, 40, 49, 46, 80, 79, 78, 69, 68, 71, 83, 66, 85, 75, 82, 68, 66, 71, 82, 82, 73, 67, 79, 72, 78, 66, 82, 65, 69]
x2: [75, 81, 87, 89, 76, 77, 79, 76, 81, 85, 79, 81, 86, 88, 81, 85, 83, 83, 82, 78, 81, 76, 86, 88, 80, 61, 64, 65, 57, 51, 55, 58, 52, 61, 51, 55, 59, 55, 63, 62, 57, 61, 65, 61, 58, 56, 53, 61, 64, 57, 28, 38, 27, 37, 31, 35, 35, 30, 32, 33, 29, 39, 26, 32, 25, 33, 40, 40, 39, 25, 34, 32, 38, 29, 31]
x1: [12, 21, 16, 18, 14, 29, 10, 30, 18, 29, 24, 17, 26, 13, 21, 15, 24, 18, 30, 15, 19, 16, 25, 19, 11, 53, 43, 51, 43, 50, 45, 52, 50, 41, 42, 45, 50, 49, 46, 45, 51, 50, 48, 45, 41, 40, 43, 43, 43, 50, 73, 75, 65, 72, 81, 67, 66, 69, 70, 69, 81, 80, 85, 79, 82, 66, 79, 85, 84, 79, 75, 70, 69, 68, 75]
x2: [90, 83, 88, 78, 76, 81, 82, 90, 82, 88, 85, 81, 84, 86, 89, 80, 82, 89, 82, 82, 86, 77, 76, 75, 85, 52, 55, 54, 58, 55, 64, 52, 54, 54, 60, 65, 60, 62, 53, 65, 55, 57, 53, 56, 63, 65, 63, 58, 59, 53, 28, 34, 27, 39, 35, 37, 36, 28, 38, 35, 38, 32, 38, 29, 30, 36, 37, 30, 37, 29, 27, 38, 26, 37, 32]
x1: [12, 30, 13, 16, 17, 29, 28, 23, 10, 30, 26, 29, 19, 17, 19, 10, 13, 15, 22, 11, 23, 17, 29, 30, 26, 52, 45, 55, 40, 49, 44, 40, 48, 42, 47, 44, 53, 50, 55, 55, 46, 45, 46, 49, 41, 43, 55, 54, 40, 46, 83, 81, 73, 71, 67, 85, 72, 77, 82, 75, 85, 76, 70, 67, 77, 80, 81, 85, 67, 73, 65, 68, 79, 66, 65]
x2: [75, 77, 86, 75, 89, 86, 77, 79, 85, 89, 86, 84, 81, 82, 79, 79, 76, 78, 75, 78, 76, 75, 88, 76, 85, 64, 52, 62, 58, 50, 65, 61, 52, 57, 56, 65, 62, 59, 51, 65, 53, 51, 65, 64, 61, 51, 54, 55, 61, 57, 38, 26, 28, 36, 35, 33, 32, 25, 28, 26, 28, 32, 29, 39, 32, 35, 31, 33, 27, 35, 28, 29, 31, 31, 34]
x1: [27, 20, 13, 21, 20, 22, 12, 11, 23, 27, 10, 23, 30, 29, 18, 17, 30, 10, 19, 29, 20, 16, 21, 23, 23, 44, 44, 44, 46, 55, 43, 42, 44, 44, 43, 40, 46, 52, 47, 45, 52, 40, 47, 47, 43, 53, 43, 46, 45, 40, 81, 75, 71, 74, 67, 67, 77, 78, 70, 67, 84, 70, 74, 83, 66, 70, 68, 75, 73, 83, 70, 68, 82, 85, 83]
x2: [79, 82, 87, 82, 78, 82, 79, 76, 78, 88, 86, 90, 84, 89, 87, 79, 80, 75, 76, 77, 87, 86, 75, 81, 76, 57, 51, 51, 62, 55, 63, 50, 56, 54, 57, 59, 54, 57, 63, 58, 51, 58, 52, 61, 62, 64, 60, 60, 51, 62, 34, 32, 36, 36, 35, 25, 34, 27, 32, 31, 26, 29, 34, 32, 40, 29, 30, 36, 38, 35, 28, 34, 30, 35, 36]
x1: [13, 30, 17, 28, 11, 16, 22, 25, 17, 11, 24, 12, 29, 13, 23, 16, 29, 18, 20, 15, 22, 13, 18, 12, 16, 41, 47, 48, 53, 46, 46, 42, 43, 44, 54, 47, 43, 53, 49, 48, 40, 53, 49, 53, 49, 41, 51, 44, 54, 50, 81, 81, 84, 68, 73, 73, 72, 77, 84, 68, 71, 67, 81, 77, 73, 79, 70, 81, 76, 80, 82, 82, 72, 83, 70]
x2: [79, 78, 85, 84, 90, 86, 83, 87, 76, 86, 75, 83, 76, 86, 75, 78, 89, 78, 80, 83, 90, 77, 75, 88, 84, 56, 60, 65, 52, 56, 62, 51, 65, 63, 53, 58, 63, 63, 56, 62, 50, 51, 60, 50, 63, 63, 53, 62, 65, 55, 30, 38, 39, 25, 25, 39, 31, 35, 26, 38, 31, 30, 40, 25, 35, 28, 27, 39, 36, 37, 36, 34, 31, 26, 36]
x1: [23, 10, 16, 14, 16, 17, 11, 30, 14, 14, 26, 25, 15, 30, 19, 26, 17, 17, 30, 12, 22, 14, 26, 22, 11, 55, 42, 51, 46, 52, 42, 52, 44, 47, 48, 55, 48, 51, 51, 54, 54, 55, 41, 42, 40, 50, 42, 49, 48, 55, 67, 74, 81, 71, 82, 68, 75, 76, 73, 72, 85, 83, 85, 83, 85, 70, 80, 72, 81, 82, 72, 75, 76, 85, 72]
x2: [83, 90, 90, 79, 77, 89, 88, 87, 75, 85, 77, 75, 80, 82, 75, 90, 83, 80, 81, 83, 81, 86, 75, 84, 80, 56, 51, 63, 56, 52, 63, 57, 58, 53, 54, 64, 56, 50, 59, 51, 57, 57, 58, 56, 60, 51, 59, 64, 61, 54, 36, 26, 34, 26, 39, 27, 34, 34, 38, 38, 27, 32, 28, 39, 36, 28, 29, 28, 28, 40, 36, 34, 40, 39, 36]
x1: [21, 12, 23, 23, 29, 19, 11, 17, 16, 16, 25, 11, 26, 16, 25, 20, 10, 27, 10, 10, 20, 11, 17, 20, 22, 50, 43, 40, 49, 41, 40, 51, 47, 50, 54, 51, 51, 45, 46, 47, 41, 43, 55, 51, 49, 45, 53, 43, 46, 47, 78, 73, 70, 84, 78, 80, 65, 74, 77, 75, 79, 74, 70, 83, 81, 75, 69, 83, 70, 79, 76, 73, 69, 70, 66]
x2: [86, 80, 83, 89, 80, 90, 82, 81, 90, 75, 88, 88, 79, 87, 89, 75, 77, 75, 85, 87, 80, 89, 83, 84, 88, 64, 59, 59, 60, 50, 64, 58, 61, 54, 62, 56, 50, 60, 60, 60, 54, 58, 52, 52, 61, 65, 53, 55, 58, 50, 35, 32, 37, 28, 39, 29, 36, 33, 28, 40, 25, 30, 36, 36, 29, 40, 28, 31, 38, 37, 28, 32, 35, 27, 35]
x1: [84, 65, 84, 73, 76, 66, 73, 85, 69, 83, 76, 65, 76, 78, 72, 68, 73, 67, 70, 77, 76, 76, 70, 65, 65, 43, 43, 51, 45, 55, 49, 52, 53, 46, 50, 41, 48, 54, 49, 54, 51, 47, 44, 48, 55, 50, 45, 47, 44, 48, 28, 16, 28, 27, 15, 25, 29, 27, 27, 17, 12, 15, 25, 25, 24, 26, 20, 29, 27, 14, 26, 23, 22, 24, 14]
x2: [27, 27, 26, 29, 39, 38, 30, 36, 38, 29, 25, 38, 35, 27, 27, 34, 25, 39, 34, 40, 39, 26, 26, 35, 32, 50, 55, 51, 53, 62, 54, 57, 58, 54, 54, 51, 63, 58, 59, 51, 64, 51, 62, 52, 53, 55, 52, 62, 63, 64, 80, 78, 78, 87, 77, 87, 80, 82, 78, 81, 81, 83, 77, 86, 76, 90, 77, 84, 90, 77, 82, 88, 87, 84, 82]
x1: [71, 70, 76, 79, 74, 69, 79, 69, 70, 79, 81, 81, 67, 74, 66, 75, 75, 80, 70, 85, 80, 83, 83, 81, 74, 52, 48, 42, 51, 50, 53, 40, 49, 49, 47, 54, 40, 49, 55, 45, 53, 54, 52, 52, 47, 55, 50, 52, 43, 48, 12, 20, 20, 13, 29, 30, 25, 26, 17, 20, 22, 17, 15, 27, 16, 12, 17, 11, 10, 18, 25, 28, 22, 14, 15]
x2: [25, 26, 28, 33, 30, 31, 34, 27, 34, 30, 39, 25, 33, 36, 38, 35, 28, 26, 27, 35, 32, 27, 30, 29, 28, 61, 63, 62, 63, 59, 65, 63, 52, 55, 56, 63, 56, 65, 50, 50, 52, 52, 54, 50, 53, 56, 53, 56, 64, 61, 86, 80, 84, 85, 79, 85, 76, 86, 75, 79, 82, 86, 77, 86, 76, 77, 76, 90, 81, 79, 85, 81, 78, 79, 80]
x1: [74, 85, 74, 70, 71, 66, 65, 72, 81, 72, 80, 78, 77, 65, 83, 76, 68, 77, 75, 66, 80, 68, 82, 72, 68, 50, 51, 44, 40, 43, 46, 55, 49, 52, 45, 47, 44, 52, 50, 45, 55, 54, 45, 43, 54, 43, 42, 41, 45, 50, 15, 25, 16, 13, 13, 23, 30, 15, 25, 15, 26, 18, 25, 18, 29, 11, 26, 21, 27, 12, 28, 20, 25, 13, 16]
x2: [40, 38, 40, 36, 37, 25, 36, 33, 30, 39, 31, 39, 32, 25, 35, 33, 26, 29, 35, 28, 29, 39, 26, 34, 35, 58, 50, 55, 65, 55, 55, 64, 55, 53, 59, 55, 52, 60, 50, 57, 57, 53, 56, 58, 59, 60, 57, 61, 62, 61, 89, 89, 90, 83, 81, 76, 80, 90, 86, 87, 83, 85, 79, 75, 80, 90, 86, 85, 88, 78, 82, 90, 86, 80, 89]
x1: [83, 68, 73, 66, 81, 65, 72, 77, 80, 76, 71, 69, 68, 81, 66, 75, 75, 83, 78, 65, 82, 82, 81, 82, 65, 45, 42, 42, 55, 43, 55, 54, 52, 41, 43, 50, 42, 54, 50, 48, 52, 53, 48, 42, 54, 42, 43, 51, 45, 45, 17, 30, 18, 26, 20, 20, 11, 28, 10, 16, 10, 30, 15, 17, 28, 21, 20, 12, 10, 15, 16, 27, 25, 21, 26]
x2: [39, 29, 27, 27, 29, 38, 35, 38, 33, 31, 29, 35, 26, 36, 40, 28, 28, 31, 25, 35, 35, 39, 39, 37, 38, 59, 60, 60, 55, 63, 62, 59, 54, 65, 51, 56, 60, 51, 62, 61, 57, 56, 64, 50, 55, 56, 56, 65, 54, 55, 79, 81, 88, 89, 90, 89, 88, 90, 76, 85, 84, 77, 90, 89, 78, 77, 85, 77, 88, 80, 83, 88, 86, 79, 86]
x1: [69, 72, 80, 84, 73, 71, 67, 71, 79, 65, 81, 71, 68, 71, 84, 72, 76, 82, 72, 81, 78, 81, 76, 70, 80, 46, 45, 42, 47, 55, 47, 42, 47, 54, 51, 47, 45, 53, 55, 41, 53, 43, 54, 53, 47, 48, 55, 48, 45, 40, 24, 13, 27, 28, 30, 23, 18, 24, 28, 12, 12, 27, 15, 14, 16, 29, 25, 29, 11, 21, 30, 26, 10, 25, 16]
x2: [34, 39, 27, 26, 40, 28, 37, 34, 28, 33, 34, 26, 31, 39, 29, 31, 35, 35, 28, 25, 40, 25, 37, 27, 30, 58, 54, 63, 65, 61, 56, 51, 55, 61, 65, 62, 54, 65, 56, 59, 61, 63, 54, 50, 51, 61, 59, 51, 55, 54, 78, 75, 88, 90, 82, 86, 83, 77, 82, 83, 86, 83, 87, 79, 76, 87, 84, 78, 89, 79, 79, 84, 80, 76, 80]
x1: [83, 65, 81, 79, 76, 71, 75, 69, 84, 84, 70, 76, 81, 72, 73, 75, 77, 82, 70, 79, 83, 73, 80, 70, 73, 52, 46, 55, 41, 53, 52, 40, 40, 46, 48, 52, 46, 54, 46, 55, 46, 53, 43, 44, 42, 42, 46, 54, 50, 50, 28, 12, 24, 28, 19, 20, 30, 17, 17, 29, 17, 23, 14, 23, 15, 11, 19, 27, 20, 21, 19, 25, 21, 13, 12]
x2: [32, 25, 27, 37, 26, 25, 29, 32, 27, 31, 29, 30, 26, 33, 35, 25, 37, 25, 35, 39, 36, 37, 39, 27, 26, 59, 57, 52, 61, 60, 64, 52, 54, 61, 60, 55, 56, 65, 58, 62, 64, 60, 51, 53, 56, 64, 50, 50, 55, 57, 82, 76, 87, 86, 84, 81, 85, 90, 87, 78, 75, 82, 80, 89, 79, 81, 79, 79, 86, 86, 76, 77, 85, 76, 83]
x1: [68, 84, 78, 84, 70, 77, 71, 81, 80, 65, 69, 77, 84, 74, 65, 73, 73, 75, 70, 73, 65, 74, 69, 79, 66, 52, 53, 45, 47, 50, 41, 51, 41, 55, 54, 43, 46, 48, 53, 55, 55, 51, 42, 52, 42, 40, 47, 45, 49, 53, 28, 18, 28, 17, 19, 12, 12, 28, 27, 27, 28, 12, 25, 23, 22, 14, 24, 16, 19, 29, 23, 12, 17, 19, 28]
x2: [36, 36, 25, 33, 25, 30, 34, 34, 27, 40, 38, 31, 25, 26, 38, 29, 30, 36, 32, 27, 35, 31, 40, 26, 34, 62, 59, 54, 50, 65, 56, 61, 61, 59, 53, 62, 56, 55, 65, 56, 60, 54, 51, 54, 60, 57, 56, 63, 62, 63, 77, 88, 76, 78, 81, 78, 76, 89, 85, 87, 80, 80, 90, 90, 78, 75, 76, 79, 79, 86, 89, 89, 82, 89, 77]
x1: [78, 71, 71, 71, 66, 74, 78, 73, 83, 70, 71, 75, 65, 79, 66, 76, 83, 65, 85, 69, 74, 65, 85, 66, 66, 42, 41, 55, 44, 50, 47, 40, 45, 42, 46, 51, 43, 42, 44, 52, 54, 51, 47, 50, 46, 46, 51, 42, 42, 45, 11, 20, 11, 28, 14, 27, 29, 11, 18, 25, 12, 13, 30, 23, 11, 15, 20, 20, 30, 22, 22, 13, 12, 15, 27]
x2: [33, 36, 40, 34, 28, 35, 29, 33, 26, 31, 35, 26, 32, 32, 32, 26, 38, 40, 38, 36, 30, 25, 37, 33, 30, 65, 55, 64, 52, 60, 57, 63, 57, 50, 51, 59, 52, 56, 63, 61, 50, 55, 51, 58, 58, 53, 53, 64, 58, 63, 90, 90, 78, 84, 87, 81, 82, 77, 88, 89, 79, 89, 77, 88, 76, 89, 80, 86, 79, 77, 81, 86, 82, 81, 90]
x1: [68, 66, 83, 71, 76, 75, 84, 82, 67, 74, 73, 70, 76, 70, 69, 82, 68, 69, 73, 78, 85, 85, 77, 77, 66, 55, 52, 40, 53, 55, 51, 41, 45, 53, 47, 42, 52, 42, 51, 51, 51, 49, 42, 55, 47, 40, 48, 40, 48, 49, 23, 15, 14, 17, 19, 15, 23, 19, 30, 27, 13, 10, 25, 19, 17, 13, 24, 28, 27, 22, 30, 19, 20, 22, 18]
x2: [32, 39, 33, 27, 30, 28, 30, 40, 28, 39, 32, 31, 25, 27, 26, 33, 33, 29, 36, 39, 36, 40, 37, 34, 29, 55, 64, 57, 58, 53, 56, 65, 64, 64, 64, 57, 63, 54, 54, 60, 62, 63, 60, 62, 50, 55, 61, 52, 54, 59, 90, 87, 84, 76, 79, 77, 80, 89, 87, 76, 86, 88, 76, 87, 85, 76, 86, 76, 84, 84, 83, 77, 75, 85, 81]
x1: [77, 83, 80, 82, 74, 82, 81, 73, 76, 67, 79, 83, 70, 67, 85, 78, 76, 70, 65, 69, 78, 70, 77, 65, 81, 43, 52, 48, 47, 48, 53, 46, 42, 40, 40, 55, 46, 46, 47, 45, 44, 52, 51, 42, 43, 47, 44, 48, 52, 53, 10, 11, 20, 16, 22, 30, 25, 21, 28, 11, 25, 11, 20, 12, 11, 21, 30, 19, 14, 20, 23, 29, 22, 27, 23]
x2: [37, 36, 25, 40, 38, 38, 32, 27, 34, 28, 29, 36, 31, 31, 39, 35, 39, 37, 39, 40, 29, 32, 38, 31, 36, 60, 57, 53, 58, 57, 54, 61, 64, 61, 52, 53, 56, 57, 51, 63, 58, 51, 60, 59, 65, 54, 51, 50, 53, 52, 81, 81, 79, 80, 90, 90, 79, 79, 90, 80, 87, 77, 88, 84, 78, 82, 75, 82, 79, 80, 78, 75, 87, 77, 80]
x1: [67, 77, 66, 81, 85, 70, 82, 77, 68, 80, 74, 83, 82, 81, 82, 84, 80, 76, 67, 69, 84, 72, 67, 81, 81, 45, 52, 40, 55, 45, 40, 51, 50, 44, 52, 51, 54, 45, 54, 46, 50, 50, 51, 42, 46, 40, 43, 50, 54, 51, 14, 16, 23, 17, 13, 15, 26, 24, 18, 17, 12, 28, 27, 21, 26, 19, 30, 26, 29, 15, 24, 14, 29, 24, 10]
x2: [80, 82, 78, 79, 83, 78, 88, 81, 85, 86, 81, 84, 90, 86, 80, 82, 85, 80, 87, 88, 89, 77, 81, 81, 84, 54, 53, 65, 56, 57, 55, 54, 55, 51, 52, 61, 52, 52, 64, 61, 58, 60, 53, 50, 55, 50, 53, 61, 60, 60, 40, 37, 33, 36, 30, 26, 32, 29, 30, 33, 27, 33, 34, 26, 38, 36, 25, 36, 32, 33, 39, 27, 36, 38, 26]
x1: [77, 80, 77, 69, 72, 76, 82, 65, 80, 77, 72, 74, 81, 85, 81, 72, 69, 83, 72, 65, 85, 66, 76, 80, 84, 45, 51, 54, 46, 52, 47, 42, 50, 43, 51, 46, 41, 45, 48, 49, 48, 54, 46, 55, 45, 41, 51, 40, 50, 43, 25, 12, 22, 19, 11, 10, 16, 16, 25, 27, 23, 12, 28, 12, 21, 13, 28, 30, 19, 20, 29, 30, 17, 28, 18]
x2: [77, 76, 75, 90, 76, 86, 82, 83, 82, 84, 76, 82, 83, 77, 87, 77, 82, 84, 77, 84, 78, 77, 84, 75, 84, 61, 57, 59, 59, 51, 52, 54, 53, 57, 65, 61, 65, 51, 60, 56, 54, 52, 62, 57, 54, 53, 56, 51, 60, 60, 39, 40, 39, 37, 33, 35, 27, 25, 35, 26, 31, 38, 31, 28, 34, 30, 25, 31, 34, 37, 29, 31, 32, 31, 34]
x1: [78, 76, 66, 68, 71, 77, 65, 76, 85, 84, 70, 84, 66, 77, 74, 80, 83, 77, 69, 85, 65, 81, 71, 68, 77, 43, 50, 52, 42, 43, 48, 40, 53, 52, 48, 49, 51, 55, 40, 48, 47, 51, 50, 44, 52, 51, 52, 46, 41, 55, 27, 11, 20, 13, 24, 17, 12, 29, 26, 24, 25, 21, 13, 12, 27, 16, 22, 24, 15, 25, 12, 19, 17, 27, 24]
x2: [83, 89, 84, 76, 89, 76, 85, 83, 84, 81, 78, 87, 79, 78, 76, 90, 85, 89, 88, 76, 81, 76, 90, 80, 79, 54, 53, 55, 52, 64, 57, 52, 63, 53, 57, 62, 52, 54, 63, 62, 62, 60, 59, 50, 60, 50, 62, 62, 59, 50, 32, 37, 27, 27, 37, 35, 29, 28, 38, 34, 31, 35, 37, 35, 39, 28, 32, 28, 33, 37, 32, 37, 38, 30, 40]
x1: [69, 74, 78, 81, 83, 69, 69, 67, 66, 80, 82, 74, 68, 81, 83, 82, 78, 80, 69, 83, 67, 67, 70, 67, 70, 43, 50, 51, 47, 49, 47, 43, 49, 50, 48, 41, 50, 55, 48, 53, 48, 48, 41, 48, 45, 54, 47, 54, 40, 55, 14, 23, 30, 27, 24, 23, 12, 20, 26, 28, 23, 17, 19, 24, 20, 14, 24, 30, 28, 29, 23, 18, 20, 24, 27]
x2: [75, 88, 75, 77, 81, 76, 77, 87, 76, 89, 79, 89, 75, 80, 78, 84, 79, 82, 90, 78, 79, 89, 87, 86, 82, 62, 54, 51, 51, 56, 58, 57, 58, 55, 53, 50, 59, 60, 60, 59, 61, 56, 51, 57, 57, 50, 56, 65, 60, 62, 37, 25, 28, 27, 31, 33, 27, 34, 26, 34, 30, 36, 35, 34, 32, 37, 39, 30, 32, 30, 27, 31, 36, 31, 26]
x1: [72, 66, 73, 70, 70, 69, 80, 72, 80, 69, 69, 78, 65, 69, 74, 82, 69, 80, 67, 74, 68, 77, 82, 84, 76, 41, 42, 49, 53, 40, 41, 43, 44, 41, 45, 54, 42, 48, 55, 51, 40, 41, 42, 41, 43, 50, 49, 46, 54, 46, 18, 15, 27, 30, 26, 10, 16, 18, 16, 18, 21, 22, 11, 25, 15, 13, 21, 17, 20, 20, 15, 25, 18, 10, 12]
x2: [77, 90, 81, 85, 87, 86, 86, 77, 77, 88, 80, 83, 80, 80, 83, 76, 76, 81, 87, 81, 79, 86, 89, 76, 90, 60, 65, 55, 61, 60, 54, 54, 58, 60, 60, 62, 62, 52, 60, 64, 51, 60, 56, 54, 52, 52, 62, 64, 55, 50, 36, 29, 31, 34, 37, 38, 36, 29, 37, 25, 28, 33, 35, 35, 27, 26, 31, 32, 27, 30, 39, 38, 38, 38, 39]
x1: [67, 67, 71, 71, 79, 81, 74, 79, 84, 65, 66, 75, 83, 79, 84, 83, 77, 82, 83, 65, 81, 77, 65, 84, 74, 54, 42, 47, 48, 50, 52, 44, 53, 45, 50, 49, 51, 41, 41, 46, 49, 41, 54, 51, 40, 41, 47, 53, 54, 55, 26, 13, 20, 16, 28, 28, 29, 21, 12, 20, 11, 20, 12, 27, 30, 17, 18, 30, 21, 15, 22, 21, 26, 11, 14]
x2: [89, 84, 87, 77, 81, 88, 80, 78, 81, 88, 80, 84, 83, 88, 79, 87, 77, 75, 89, 87, 88, 86, 80, 78, 81, 65, 52, 51, 54, 51, 61, 55, 64, 65, 53, 64, 53, 52, 59, 51, 64, 58, 60, 54, 61, 57, 55, 65, 50, 56, 40, 25, 27, 32, 39, 39, 26, 40, 27, 33, 38, 38, 28, 34, 35, 36, 27, 37, 30, 30, 40, 30, 34, 28, 39]
x1: [68, 76, 83, 67, 66, 77, 67, 79, 70, 70, 85, 74, 76, 72, 79, 71, 75, 70, 81, 66, 68, 65, 85, 85, 78, 50, 55, 55, 48, 50, 42, 49, 53, 48, 43, 43, 52, 42, 47, 41, 43, 49, 53, 47, 52, 46, 47, 53, 43, 44, 27, 20, 25, 25, 21, 29, 17, 22, 11, 11, 24, 10, 11, 30, 16, 18, 23, 24, 23, 13, 13, 27, 14, 25, 15]
x2: [86, 76, 78, 87, 75, 82, 77, 76, 82, 83, 85, 89, 84, 87, 78, 89, 82, 88, 76, 89, 78, 77, 83, 81, 87, 62, 59, 59, 50, 60, 60, 59, 53, 54, 58, 53, 55, 58, 55, 62, 63, 58, 56, 60, 54, 64, 50, 64, 53, 57, 25, 34, 30, 29, 31, 32, 37, 35, 33, 34, 35, 35, 29, 37, 30, 27, 30, 36, 27, 25, 28, 32, 32, 25, 37]
x1: [77, 75, 70, 65, 66, 77, 81, 71, 70, 75, 80, 73, 70, 83, 66, 65, 85, 85, 83, 78, 84, 77, 79, 73, 85, 55, 45, 55, 51, 52, 42, 46, 40, 55, 52, 50, 40, 47, 47, 48, 41, 43, 45, 54, 44, 52, 55, 48, 50, 41, 14, 19, 28, 25, 26, 22, 28, 25, 30, 19, 16, 13, 30, 10, 29, 21, 23, 13, 28, 15, 27, 10, 21, 14, 29]
x2: [79, 90, 88, 85, 81, 89, 89, 76, 90, 90, 77, 86, 81, 87, 75, 82, 84, 85, 80, 85, 83, 85, 76, 75, 79, 55, 50, 53, 56, 57, 58, 62, 61, 63, 51, 57, 50, 60, 53, 60, 53, 57, 56, 64, 63, 52, 54, 51, 52, 51, 25, 40, 25, 32, 35, 38, 39, 31, 28, 28, 39, 27, 35, 32, 26, 35, 40, 37, 32, 31, 35, 25, 38, 32, 31]
x1: [84, 79, 69, 82, 84, 77, 74, 75, 83, 70, 73, 75, 76, 83, 77, 76, 76, 82, 71, 77, 81, 72, 67, 84, 73, 47, 43, 54, 50, 40, 49, 53, 53, 54, 49, 50, 44, 45, 46, 54, 44, 55, 53, 44, 41, 42, 50, 49, 47, 42, 12, 29, 20, 26, 26, 23, 28, 21, 11, 30, 11, 28, 28, 22, 16, 23, 26, 25, 18, 21, 25, 18, 19, 25, 20]
x2: [84, 88, 84, 87, 75, 86, 84, 84, 82, 78, 79, 78, 77, 81, 84, 75, 87, 86, 79, 75, 77, 75, 83, 80, 75, 52, 53, 52, 62, 53, 65, 58, 50, 63, 65, 50, 53, 59, 60, 56, 64, 54, 56, 60, 63, 55, 58, 54, 52, 51, 36, 30, 33, 31, 40, 29, 36, 30, 26, 28, 25, 38, 29, 25, 30, 34, 33, 31, 33, 35, 25, 32, 29, 26, 31]
x1: [68, 69, 71, 85, 80, 68, 79, 81, 70, 68, 84, 84, 66, 85, 77, 65, 80, 65, 68, 67, 73, 82, 74, 67, 72, 40, 43, 42, 52, 49, 45, 43, 46, 55, 43, 53, 43, 53, 46, 45, 54, 40, 49, 52, 44, 47, 43, 50, 54, 50, 23, 12, 14, 23, 22, 27, 27, 22, 23, 11, 29, 21, 24, 16, 16, 24, 21, 26, 15, 18, 16, 19, 27, 16, 10]
x2: [81, 75, 78, 89, 80, 76, 75, 88, 84, 88, 75, 88, 75, 75, 90, 87, 80, 78, 84, 75, 87, 90, 77, 78, 79, 51, 54, 60, 55, 50, 63, 64, 61, 61, 50, 65, 60, 51, 58, 51, 52, 52, 65, 53, 53, 61, 50, 55, 57, 57, 31, 33, 40, 25, 26, 29, 25, 33, 29, 30, 29, 32, 31, 30, 31, 36, 33, 32, 29, 39, 32, 34, 33, 35, 32]
x1: [85, 14, 34, 91, 11, 33, 63, 38, 24, 26, 28, 46, 3, 77, 8, 14, 44, 76, 37, 78, 32, 33, 34, 98, 7, 36, 4, 10, 84, 81, 82, 72, 36, 58, 39, 32, 54, 81, 31, 60, 62, 99, 59, 47, 84, 72, 17, 37, 68, 63, 11, 88, 16, 70, 79, 32, 92, 44, 10, 80, 90, 100, 58, 78, 72, 58, 5, 29, 54, 37, 62, 57, 72, 58, 15]
x2: [75, 14, 21, 45, 4, 64, 100, 62, 88, 48, 77, 59, 31, 41, 35, 59, 33, 17, 60, 90, 72, 27, 12, 10, 81, 86, 98, 46, 58, 55, 34, 57, 58, 93, 75, 56, 90, 90, 83, 65, 49, 60, 24, 97, 6, 40, 86, 55, 68, 39, 31, 15, 41, 17, 3, 49, 48, 48, 74, 3, 99, 91, 88, 83, 63, 96, 0, 0, 23, 46, 94, 99, 90, 29, 14]
x1: [68, 62, 22, 8, 11, 14, 27, 33, 11, 51, 40, 92, 41, 67, 89, 18, 66, 94, 88, 6, 82, 15, 4, 8, 95, 59, 15, 95, 15, 40, 97, 50, 30, 25, 86, 55, 68, 86, 54, 93, 11, 42, 63, 23, 7, 73, 42, 47, 83, 86, 57, 97, 79, 69, 38, 26, 88, 30, 66, 13, 24, 99, 43, 48, 65, 13, 93, 22, 28, 25, 18, 65, 56, 67, 38]
x2: [77, 98, 95, 96, 38, 76, 73, 37, 100, 68, 59, 72, 41, 47, 22, 98, 94, 54, 79, 38, 23, 25, 69, 3, 8, 56, 61, 1, 57, 52, 4, 81, 6, 25, 62, 92, 10, 11, 67, 53, 71, 73, 30, 10, 50, 15, 7, 74, 97, 62, 61, 83, 76, 12, 95, 72, 38, 46, 76, 85, 69, 49, 12, 1, 9, 69, 68, 97, 85, 38, 48, 62, 36, 23, 52]
x1: [7, 29, 49, 3, 92, 17, 75, 2, 34, 95, 91, 4, 60, 72, 56, 64, 82, 47, 16, 65, 20, 13, 20, 76, 53, 88, 93, 56, 56, 97, 91, 36, 49, 68, 20, 79, 30, 24, 58, 14, 75, 64, 28, 33, 55, 42, 78, 15, 68, 92, 61, 85, 44, 11, 69, 9, 19, 3, 15, 1, 77, 9, 25, 32, 53, 17, 37, 91, 36, 3, 78, 14, 64, 33, 58]
x2: [49, 37, 63, 100, 30, 63, 63, 1, 2, 6, 49, 61, 16, 29, 10, 91, 59, 5, 82, 75, 31, 5, 44, 28, 96, 52, 66, 3, 32, 13, 3, 39, 3, 25, 71, 40, 29, 94, 22, 1, 61, 80, 53, 73, 95, 86, 75, 75, 74, 92, 47, 98, 95, 44, 85, 3, 97, 16, 22, 15, 15, 0, 10, 65, 72, 69, 70, 22, 46, 61, 34, 35, 77, 17, 38]
x1: [52, 12, 63, 19, 49, 52, 66, 85, 22, 48, 76, 84, 79, 91, 15, 87, 100, 36, 53, 17, 25, 28, 89, 65, 39, 21, 34, 82, 7, 93, 55, 56, 55, 9, 23, 57, 36, 61, 62, 22, 90, 95, 5, 16, 66, 68, 90, 54, 76, 82, 76, 24, 76, 46, 74, 48, 59, 71, 33, 8, 72, 90, 53, 54, 21, 51, 75, 2, 52, 88, 81, 83, 79, 28, 40]
x2: [37, 72, 71, 55, 14, 10, 28, 35, 17, 91, 6, 11, 30, 47, 56, 2, 72, 5, 29, 91, 62, 56, 63, 73, 36, 45, 94, 96, 58, 98, 85, 27, 28, 39, 25, 75, 25, 13, 44, 84, 84, 29, 17, 14, 63, 34, 93, 85, 52, 75, 16, 71, 21, 22, 74, 29, 51, 11, 75, 57, 17, 71, 13, 56, 8, 64, 91, 8, 8, 2, 1, 58, 35, 95, 91]
x1: [71, 54, 34, 26, 50, 82, 54, 48, 67, 88, 62, 4, 67, 86, 36, 93, 50, 59, 59, 65, 49, 72, 19, 7, 17, 48, 72, 44, 80, 29, 25, 30, 33, 2, 54, 32, 41, 30, 37, 46, 86, 56, 66, 69, 76, 81, 95, 18, 50, 0, 13, 58, 18, 9, 0, 40, 44, 8, 97, 81, 69, 60, 22, 66, 37, 83, 11, 29, 72, 93, 10, 61, 18, 67, 99]
x2: [99, 56, 33, 30, 6, 30, 88, 70, 100, 35, 45, 96, 89, 58, 55, 22, 67, 59, 41, 95, 61, 99, 89, 8, 31, 62, 22, 9, 93, 47, 76, 59, 26, 78, 54, 90, 38, 89, 45, 79, 26, 11, 55, 53, 20, 63, 81, 59, 13, 26, 11, 28, 67, 65, 29, 45, 75, 30, 99, 8, 21, 54, 84, 28, 67, 37, 84, 91, 67, 58, 44, 43, 99, 68, 98]
x1: [7, 30, 94, 14, 65, 32, 77, 8, 12, 65, 38, 87, 14, 67, 13, 26, 97, 58, 42, 97, 38, 17, 94, 6, 100, 56, 91, 50, 16, 66, 19, 40, 55, 63, 59, 10, 47, 51, 3, 60, 70, 73, 45, 37, 38, 16, 31, 85, 74, 14, 4, 64, 79, 89, 78, 63, 48, 95, 72, 81, 5, 15, 31, 0, 75, 23, 89, 48, 17, 43, 62, 18, 58, 20, 16]
x2: [94, 2, 32, 42, 66, 70, 31, 3, 91, 71, 64, 29, 51, 41, 36, 97, 8, 73, 58, 52, 68, 85, 81, 43, 9, 99, 4, 87, 90, 94, 78, 66, 59, 58, 3, 85, 3, 30, 96, 6, 88, 55, 73, 2, 52, 60, 98, 33, 100, 35, 56, 91, 57, 85, 56, 32, 43, 22, 52, 79, 3, 41, 46, 91, 24, 85, 89, 10, 39, 95, 1, 70, 37, 38, 7]
x1: [44, 67, 65, 67, 71, 25, 82, 74, 31, 98, 13, 67, 39, 17, 61, 63, 91, 98, 39, 42, 92, 60, 30, 41, 40, 84, 100, 72, 42, 60, 7, 53, 97, 59, 33, 97, 77, 66, 82, 42, 48, 67, 73, 51, 75, 3, 85, 8, 46, 96, 58, 17, 46, 12, 79, 86, 53, 8, 74, 65, 3, 58, 23, 42, 95, 19, 48, 3, 77, 0, 1, 67, 96, 88, 58]
x2: [85, 94, 48, 81, 49, 10, 35, 35, 63, 20, 7, 91, 62, 64, 45, 17, 98, 38, 93, 82, 41, 42, 32, 49, 11, 15, 49, 89, 8, 9, 54, 24, 42, 3, 8, 40, 36, 30, 85, 73, 98, 39, 7, 28, 39, 73, 54, 21, 41, 51, 52, 18, 67, 57, 46, 54, 63, 23, 8, 48, 9, 38, 16, 20, 39, 62, 25, 52, 99, 35, 84, 49, 23, 63, 30]
x1: [9, 71, 100, 50, 91, 52, 16, 52, 19, 58, 78, 13, 60, 49, 51, 34, 92, 13, 59, 68, 89, 48, 27, 95, 69, 71, 62, 71, 64, 23, 36, 0, 7, 83, 1, 36, 71, 65, 4, 59, 63, 2, 28, 77, 40, 78, 16, 78, 44, 83, 1, 81, 21, 23, 84, 95, 60, 62, 48, 87, 8, 59, 40, 31, 5, 58, 70, 59, 13, 43, 91, 31, 47, 53, 68]
x2: [54, 99, 61, 70, 7, 58, 21, 22, 62, 80, 80, 17, 38, 36, 58, 58, 72, 32, 51, 20, 25, 83, 72, 93, 38, 18, 73, 4, 49, 93, 47, 84, 11, 46, 19, 31, 33, 39, 55, 100, 2, 75, 88, 87, 7, 47, 98, 89, 42, 62, 87, 78, 67, 92, 42, 12, 95, 96, 90, 91, 28, 69, 66, 48, 6, 66, 39, 7, 38, 65, 61, 23, 52, 22, 10]
x1: [18, 37, 84, 27, 46, 22, 92, 96, 44, 52, 31, 72, 59, 1, 41, 21, 22, 91, 61, 60, 14, 97, 66, 27, 33, 83, 73, 30, 47, 0, 62, 64, 44, 79, 17, 16, 57, 57, 65, 76, 3, 83, 60, 88, 15, 96, 28, 13, 14, 66, 97, 12, 58, 72, 80, 26, 40, 26, 3, 59, 65, 66, 8, 43, 6, 72, 76, 35, 76, 1, 41, 75, 58, 99, 46]
x2: [3, 30, 22, 6, 48, 39, 67, 89, 0, 38, 34, 21, 69, 6, 70, 4, 100, 52, 90, 58, 81, 100, 47, 34, 91, 70, 66, 92, 3, 74, 50, 4, 65, 86, 45, 86, 73, 54, 98, 84, 23, 9, 21, 36, 15, 43, 7, 35, 79, 66, 37, 47, 59, 55, 74, 10, 92, 70, 78, 73, 50, 57, 43, 15, 36, 73, 34, 99, 53, 73, 52, 92, 87, 28, 92]
x1: [88, 69, 58, 40, 68, 29, 11, 16, 31, 63, 91, 43, 53, 48, 11, 65, 26, 41, 57, 67, 51, 31, 36, 20, 44, 4, 5, 53, 23, 23, 8, 69, 7, 45, 39, 46, 57, 40, 93, 35, 43, 33, 50, 49, 27, 35, 49, 5, 64, 12, 65, 80, 11, 10, 86, 95, 20, 67, 85, 4, 28, 18, 35, 56, 0, 48, 35, 31, 37, 41, 30, 96, 37, 47, 91]
x2: [39, 63, 82, 17, 46, 59, 20, 27, 4, 35, 99, 27, 28, 87, 15, 48, 29, 9, 57, 75, 80, 32, 70, 64, 100, 90, 50, 57, 53, 87, 2, 58, 28, 19, 80, 39, 0, 85, 95, 67, 54, 8, 72, 74, 13, 17, 42, 2, 86, 80, 97, 51, 78, 64, 14, 12, 99, 63, 62, 33, 35, 67, 19, 58, 43, 4, 86, 76, 73, 97, 57, 52, 49, 3, 75]
x1: [45, -57, -97, -94, 68, 28, 56, 7, -64, 33, -17, 85, 91, 71, -99, 54, 26, -76, -45, 7, 73, 91, -80, -59, 9, 67, 92, 89, 32, 78, 0, 63, -57, -63, 22, -65, -98, -85, -99, 98, -97, -73, 25, 92, -42, 94, 39, -56, 38, -51, 27, 15, -59, -51, 97, 69, -46, -20, -20, 20, -40, -34, 74, 87, 16, 91, -80, 45, 23, -46, 74, 36, 48, -27, 44]
x2: [43, -74, 88, -51, 64, 78, -71, -46, 74, 76, -19, 25, -9, -12, -2, 35, -55, 62, -69, 78, -68, 28, 36, -95, -97, 9, -79, -37, 69, 31, 34, 85, -22, 29, -5, -90, 94, -73, -63, 21, 87, 21, -89, -42, 84, -8, -5, 0, 19, 78, 36, -59, 7, -94, 61, 79, 2, -80, -45, -89, 63, 5, -66, 76, -77, -40, -21, 26, 1, 29, 17, -77, 55, -90, 31]
x1: [29, -84, -34, 17, 52, -89, -57, -50, -72, -28, -10, -21, 24, -27, 55, -75, 58, 29, -37, -13, 57, 49, -46, -57, -16, 57, -5, 54, -40, 53, -80, -42, 4, 92, -63, 36, -49, 9, 22, -15, 42, 89, -9, 84, -15, -9, -92, 53, 19, 23, 72, 89, 70, -100, -88, 74, -32, 20, -3, 24, -74, 32, -82, -90, 4, -8, -19, -95, 82, 70, 86, 99, -51, 18, 34]
x2: [57, 15, -46, -69, 68, -77, -22, -96, -78, 82, 57, -59, -56, -50, -38, -97, -57, 26, -77, -86, 9, 29, -70, -25, -64, 76, -60, -38, 19, 32, -7, -30, 72, 49, 9, 9, -69, -60, -40, 7, 86, 58, 35, 41, -34, 7, 56, -21, -46, -22, 86, 59, -62, 74, -45, -1, 0, 61, 67, 23, -47, -8, -57, -70, -27, -19, -71, 10, 90, -16, -59, 27, -33, 96, -44]
x1: [76, 42, -71, 17, -88, -34, 42, 34, 5, 6, -12, 58, 51, 73, 93, 2, -100, 76, -57, 59, -72, -12, 4, 11, 73, -27, -61, -44, -67, 35, 63, 9, 86, 59, -18, -82, 5, -24, -54, 75, -83, -89, 21, -60, -57, 26, 25, -80, 40, 40, 65, -89, -96, -25, -37, -12, 45, 82, -18, 23, -47, -87, -57, -89, 8, -85, 83, -11, 16, 61, -9, -90, -45, 11, -15]
x2: [-31, 16, 83, -90, 37, 18, -72, -38, 31, -12, -11, 36, -74, -67, 82, -19, 22, -77, -59, -77, 20, -9, -23, -22, -90, -73, -96, 57, -99, -77, -89, 97, -19, -96, 96, 93, 21, -84, -31, 51, -74, 84, -24, 56, 58, 33, -9, 59, 75, 92, 78, -92, 68, 11, 34, 96, 24, 50, 63, 24, -42, 54, -33, -87, 30, -74, 42, -77, -72, 38, 65, -78, 7, 95, 81]
x1: [24, 95, -69, -43, 1, -55, 51, 61, -24, -88, -56, -71, 59, 66, -21, 16, 26, -85, 63, -92, 25, -4, -49, -8, 99, 46, -98, -5, 1, 48, -54, 71, 61, -16, 5, -43, 30, 67, -67, 47, 0, 90, 28, -15, -97, 11, -39, 99, -51, -2, -80, -8, -14, 64, 80, -82, -30, 37, 61, -46, -20, 92, 54, -6, -17, 34, -14, 3, 38, -59, -1, 89, -92, 36, -2]
x2: [89, 14, -18, -87, -37, -56, -73, 38, -7, -60, -36, 26, -8, 73, -99, 15, -37, -1, -83, 82, 56, -40, 76, -15, 3, 3, -7, 95, 64, -72, -1, -93, -58, 85, -1, 43, -52, 84, -41, -95, 33, -47, 67, 93, -67, -55, 66, -83, -46, 8, 47, 71, -98, -65, 19, 84, -8, 3, 1, -87, 66, 9, 30, 16, 8, -30, 62, 14, 27, -77, 98, -49, -36, -57, -80]
x1: [-3, -39, 80, 97, -54, -38, -34, -28, -30, -89, 76, 89, -10, 75, 94, -8, 19, 8, 89, -84, 82, -66, 46, 63, 42, -46, 44, 1, 37, -42, 19, -7, 92, 100, -97, -5, -72, -26, 10, 1, -82, -87, 80, 45, 2, 78, -13, -25, 34, -40, -82, 57, -31, 48, 0, 0, -90, 56, -10, -1, 91, 14, -75, 21, 61, -100, -81, 59, -88, 32, 11, -89, -32, 88, 39]
x2: [51, 28, -76, -50, 63, -99, 22, -36, 57, -66, -23, 80, -60, -19, -70, -37, -54, -41, 23, 83, -58, -92, 31, 23, -68, 36, -36, -9, 18, 82, -23, 48, 37, 61, 69, -99, -15, -89, -27, 79, 58, -5, 83, -58, -1, 34, 3, -52, -87, 33, -7, -46, 30, 42, 60, 46, -21, 51, 61, -18, 40, 95, -45, 7, 34, 30, -79, 97, 43, 24, 28, -63, -75, -24, 80]
x1: [19, -41, 36, 21, -7, 50, 25, -5, -87, -32, 56, -65, -85, -82, 62, -46, -5, -19, -64, 76, 80, 11, -42, 77, 83, 23, -48, 32, -58, 83, 79, -11, 33, 44, 22, -26, 8, -64, 16, -66, -22, -65, 4, -13, -28, 19, 87, 91, 51, 55, 3, 70, -92, 93, 20, -28, 30, 95, 49, -39, 49, -52, -96, -66, -44, -48, 29, -19, 28, -98, 71, -22, 43, -12, 65]
x2: [80, 5, 32, -58, 47, 44, 94, -37, -97, 48, 26, -65, -44, -77, 67, 59, -59, 29, 91, -58, 35, 59, -66, -33, 48, 82, 15, -62, -66, -38, 93, -4, -69, -56, 44, -79, -25, -38, -11, 62, 51, -16, 63, -52, 47, -96, -31, 51, 19, 77, 70, -62, -31, 36, 95, -10, 1, -38, 34, -11, -12, 15, -54, -71, 97, 56, 81, -48, -20, -8, 69, -37, 8, -71, 53]
x1: [-14, 28, 34, -32, 81, -39, -79, 38, 94, -43, 23, 6, 58, -51, -11, -52, -38, -58, 50, 71, -61, 91, 55, 27, -94, 42, -87, -9, -70, -9, -68, 57, -37, 53, -55, -94, -46, -37, -70, 99, -97, 21, 8, -84, 89, -76, -7, -86, -90, -54, 14, 47, 15, -98, -48, 93, 39, -25, 77, -87, 31, -64, 60, 75, 71, 90, 91, -74, -8, 86, 36, -7, 59, -90, -48]
x2: [82, 61, -26, 23, -94, 7, 22, -79, 5, 62, 69, -23, -58, -34, -90, 37, 39, 58, 74, 75, 87, 68, -97, 1, -39, -82, 13, 66, -60, -33, 92, -98, -84, 95, -85, -86, -37, -9, -47, 83, -71, 1, -83, 72, -18, 81, 58, 0, -50, -40, 86, 2, 10, 64, 80, 9, -81, -97, -95, -88, -19, -47, 83, -95, 12, 23, -45, -20, -5, 69, 58, 60, -9, 60, -70]
x1: [-37, -10, 88, 80, -97, -4, -63, 5, -39, 37, 25, 58, -32, 58, -36, 18, 7, 32, 1, 45, 42, -93, 71, 76, 100, 61, -91, 16, 70, -89, -76, 22, -95, -40, -46, -91, -85, -56, -76, 85, -33, -83, 5, 4, -87, 12, -73, 26, 64, -44, 71, -63, 3, -40, -24, -51, -14, 30, -35, 4, -43, 53, -67, 30, 57, 99, 46, -16, -15, -13, 52, -19, -16, 63, 83]
x2: [-71, 58, 43, 25, -48, -32, -22, 86, 68, 45, 27, -85, -19, 74, -39, 55, 1, -22, 39, -26, -27, -50, -8, -41, -98, -95, -11, -73, -79, 10, -96, -44, 88, -97, -79, -87, -60, -71, 30, -77, 20, 91, -76, 21, -45, 47, -80, -20, -62, 8, -9, -20, 25, -60, -24, 8, 15, -76, 13, -10, 38, -76, 27, 45, 76, -78, 47, 69, -87, -53, 26, -99, -18, -24, -90]
x1: [89, -64, 85, 55, -88, -62, 58, 86, 83, -11, 95, -24, 96, -6, -10, -69, -6, -88, 4, 4, 2, 81, -12, 15, -71, 56, -6, -82, 14, -27, -34, -47, 90, -43, 55, -30, -83, 48, 54, 80, 21, -75, -53, -51, 46, -11, 3, -24, -49, 62, 28, 28, 16, 56, -8, 58, 66, -72, 40, 88, -42, -51, 64, -14, 79, -40, -93, -41, 82, -44, -51, -99, -59, -36, -81]
x2: [86, 58, 3, 54, -60, -88, -5, -4, 8, -9, -70, 42, 82, -7, -5, -10, -11, -8, 97, 65, -92, 73, -51, -42, -65, -34, -46, 63, -21, 46, -33, -89, 4, -18, -48, 77, -48, 55, 96, -58, 95, 8, 17, 13, 64, 93, -73, 98, -77, 28, -40, 63, -99, 41, 65, -67, 47, 58, -94, -89, 91, -2, 12, 0, 58, 47, -3, 27, -66, 94, -68, -92, -70, -8, -95]
x1: [4, 86, 2, 76, 91, 69, 59, 24, 93, -26, 45, 25, -45, -11, -23, 61, -7, 25, -51, 60, -8, -65, 19, -7, -12, 65, 43, -49, 30, 97, 99, -6, 24, -30, -13, 42, 84, -21, -34, 16, 70, 21, 100, 29, 52, -4, -27, -27, -65, 54, -37, -55, -40, -96, 35, 48, -41, 26, 100, 100, 65, -30, -36, 21, 51, 94, 71, -95, 20, -49, -56, 19, -7, -85, 43]
x2: [38, -49, -45, -24, -89, -73, -29, 49, 55, 3, 85, 39, -16, 50, -44, -2, 17, -52, 55, -11, -88, 71, -64, -79, 62, -88, 29, 38, -86, -39, 49, -75, -66, 3, -1, 57, -22, 74, 86, -35, 62, -44, 23, 67, 77, 77, 18, -2, -62, 72, -62, 33, 61, 58, -27, -35, -99, -83, -40, 4, 3, 17, 41, -53, -79, 42, 37, 2, -44, 40, -99, -86, 45, -84, 100]
