x1: [29, 24, 25, 26, 27, 26, 24, 22, 28, 29, 25, 21, 30, 26, 23, 24, 28, 22, 21, 30, 22, 21, 23, 21, 26, 72, 63, 77, 64, 75, 76, 70, 64, 69, 74, 63, 69, 72, 77, 80, 65, 74, 78, 80, 70, 70, 68, 69, 71, 60]
x2: [39, 39, 45, 36, 35, 32, 43, 37, 36, 45, 31, 40, 38, 31, 32, 36, 35, 41, 33, 37, 33, 37, 43, 35, 36, 32, 21, 31, 33, 45, 26, 24, 32, 20, 34, 31, 37, 24, 27, 34, 33, 31, 40, 21, 41, 39, 26, 35, 35, 31]
x1: [28, 24, 25, 28, 27, 22, 23, 29, 27, 22, 24, 23, 22, 22, 22, 29, 27, 25, 26, 22, 27, 29, 26, 23, 27, 78, 73, 60, 61, 72, 79, 63, 63, 61, 65, 63, 73, 63, 77, 61, 66, 60, 64, 64, 71, 73, 67, 77, 80, 67]
x2: [44, 43, 37, 33, 36, 37, 35, 45, 33, 31, 35, 30, 41, 39, 37, 36, 36, 36, 42, 37, 35, 43, 30, 32, 39, 35, 22, 21, 36, 32, 39, 33, 24, 23, 35, 23, 32, 27, 39, 41, 24, 44, 34, 32, 20, 44, 31, 29, 20, 25]
x1: [28, 25, 25, 23, 21, 22, 23, 26, 25, 23, 24, 21, 22, 29, 28, 28, 23, 23, 30, 22, 25, 26, 25, 20, 21, 79, 78, 63, 73, 62, 66, 68, 67, 63, 64, 60, 63, 66, 71, 77, 67, 79, 73, 71, 75, 70, 77, 78, 72, 75]
x2: [32, 33, 31, 32, 43, 32, 36, 44, 35, 37, 30, 35, 42, 40, 35, 32, 45, 40, 38, 33, 41, 35, 31, 37, 44, 32, 30, 32, 20, 25, 20, 38, 26, 38, 32, 30, 24, 24, 29, 30, 43, 27, 38, 21, 44, 41, 30, 21, 38, 38]
x1: [28, 23, 28, 28, 21, 22, 20, 28, 24, 26, 20, 27, 21, 26, 21, 24, 23, 30, 24, 28, 22, 30, 27, 28, 24, 69, 70, 62, 66, 80, 62, 70, 66, 69, 78, 65, 79, 60, 66, 74, 76, 72, 63, 74, 73, 77, 75, 77, 73, 79]
x2: [44, 37, 31, 43, 39, 36, 31, 30, 31, 33, 39, 40, 43, 36, 33, 43, 42, 30, 36, 42, 43, 45, 34, 39, 39, 37, 35, 20, 20, 32, 25, 25, 22, 34, 31, 30, 26, 33, 36, 24, 35, 28, 26, 33, 28, 40, 37, 33, 43, 28]
x1: [24, 28, 22, 29, 26, 24, 28, 27, 26, 26, 25, 25, 25, 27, 22, 24, 23, 25, 23, 25, 20, 22, 22, 25, 21, 71, 66, 66, 66, 72, 68, 63, 61, 76, 66, 61, 61, 68, 68, 63, 67, 74, 66, 80, 75, 67, 75, 71, 62, 71]
x2: [32, 44, 40, 41, 33, 41, 34, 42, 31, 42, 36, 33, 33, 32, 45, 34, 39, 30, 45, 34, 34, 33, 31, 34, 38, 30, 23, 37, 42, 44, 37, 43, 33, 43, 25, 41, 33, 38, 42, 31, 26, 26, 22, 25, 25, 42, 36, 40, 22, 24]
x1: [24, 22, 30, 25, 27, 21, 23, 29, 22, 29, 21, 27, 28, 28, 25, 29, 29, 23, 26, 26, 22, 30, 25, 25, 29, 75, 67, 75, 65, 76, 75, 60, 79, 65, 75, 70, 73, 79, 79, 68, 72, 69, 77, 73, 78, 69, 77, 79, 68, 77]
x2: [30, 45, 31, 42, 42, 45, 33, 40, 30, 33, 44, 35, 45, 44, 30, 32, 38, 38, 39, 42, 33, 41, 44, 45, 35, 43, 27, 27, 37, 25, 39, 28, 41, 21, 41, 23, 33, 43, 36, 26, 37, 44, 28, 23, 35, 37, 34, 22, 36, 35]
x1: [20, 26, 27, 23, 29, 29, 29, 21, 21, 26, 21, 22, 27, 23, 30, 27, 21, 24, 21, 30, 21, 23, 26, 25, 28, 69, 71, 74, 66, 74, 65, 80, 73, 68, 75, 72, 60, 64, 67, 69, 69, 70, 68, 64, 73, 65, 80, 67, 66, 67]
x2: [42, 34, 44, 33, 40, 45, 30, 36, 37, 36, 37, 42, 33, 45, 31, 34, 33, 35, 34, 42, 40, 35, 31, 35, 42, 39, 23, 21, 21, 41, 25, 43, 37, 25, 40, 25, 40, 34, 26, 43, 40, 35, 25, 34, 23, 31, 30, 41, 40, 43]
x1: [27, 22, 25, 27, 23, 21, 28, 23, 27, 20, 28, 25, 24, 26, 27, 24, 27, 30, 25, 24, 29, 30, 21, 22, 29, 79, 61, 70, 66, 73, 77, 62, 78, 76, 61, 74, 65, 62, 61, 64, 64, 74, 69, 73, 79, 65, 76, 65, 71, 76]
x2: [39, 34, 45, 38, 37, 39, 41, 32, 30, 30, 33, 44, 37, 38, 42, 40, 36, 39, 44, 38, 36, 35, 45, 41, 30, 41, 37, 21, 30, 29, 35, 39, 23, 45, 41, 41, 40, 25, 30, 31, 31, 29, 38, 25, 21, 45, 43, 36, 39, 34]
x1: [25, 26, 24, 27, 28, 26, 20, 25, 29, 26, 20, 27, 29, 26, 22, 25, 30, 23, 26, 23, 26, 20, 29, 30, 20, 75, 69, 66, 69, 76, 79, 65, 60, 65, 78, 60, 72, 60, 61, 74, 64, 63, 66, 78, 67, 69, 63, 64, 63, 64]
x2: [35, 41, 39, 39, 43, 37, 45, 42, 33, 44, 40, 41, 33, 43, 40, 35, 36, 45, 43, 35, 45, 30, 45, 33, 35, 37, 20, 27, 33, 22, 27, 22, 38, 21, 44, 32, 21, 25, 26, 39, 26, 35, 30, 28, 43, 24, 39, 38, 38, 28]
x1: [28, 30, 30, 25, 27, 26, 23, 20, 20, 25, 22, 27, 22, 25, 21, 22, 26, 30, 22, 23, 25, 23, 24, 21, 30, 62, 75, 74, 75, 76, 76, 61, 61, 64, 71, 74, 75, 70, 77, 62, 65, 71, 78, 64, 73, 80, 63, 77, 77, 71]
x2: [36, 40, 32, 37, 43, 39, 32, 35, 40, 32, 38, 30, 32, 32, 39, 33, 31, 31, 30, 37, 35, 35, 34, 37, 35, 21, 22, 37, 44, 42, 27, 28, 23, 28, 23, 35, 41, 25, 37, 40, 21, 41, 20, 40, 32, 25, 42, 31, 44, 20]
x1: [24, 28, 24, 25, 20, 23, 24, 24, 30, 21, 20, 29, 25, 22, 24, 28, 30, 27, 27, 30, 23, 27, 25, 26, 20, 38, 41, 46, 40, 44, 45, 35, 50, 49, 35, 38, 41, 43, 41, 49, 39, 45, 36, 37, 42, 40, 41, 39, 50, 38]
x2: [32, 36, 34, 36, 44, 44, 31, 40, 40, 33, 42, 32, 38, 41, 30, 35, 39, 37, 35, 44, 39, 42, 36, 36, 32, 41, 43, 40, 37, 37, 29, 21, 35, 24, 35, 31, 34, 38, 43, 22, 33, 26, 44, 23, 26, 44, 20, 32, 32, 24]
x1: [20, 30, 23, 24, 23, 26, 21, 30, 28, 23, 24, 20, 25, 25, 30, 28, 25, 22, 25, 26, 21, 29, 24, 28, 27, 35, 44, 38, 37, 43, 45, 44, 38, 39, 46, 36, 44, 49, 41, 44, 36, 47, 41, 35, 45, 50, 45, 49, 44, 46]
x2: [45, 40, 36, 44, 42, 33, 40, 30, 44, 32, 37, 30, 41, 37, 36, 40, 32, 42, 42, 32, 40, 45, 34, 43, 36, 34, 31, 27, 31, 36, 21, 31, 26, 36, 43, 20, 33, 29, 45, 25, 45, 31, 35, 33, 41, 28, 36, 21, 29, 40]
x1: [23, 23, 28, 28, 20, 21, 20, 26, 20, 23, 24, 29, 27, 30, 26, 28, 29, 28, 20, 28, 27, 30, 28, 29, 21, 44, 49, 41, 49, 39, 47, 40, 35, 38, 38, 38, 43, 37, 47, 42, 47, 36, 48, 48, 41, 40, 35, 38, 45, 47]
x2: [36, 31, 30, 45, 39, 34, 31, 44, 35, 38, 40, 41, 38, 33, 45, 37, 34, 31, 33, 31, 35, 30, 40, 33, 41, 42, 38, 33, 42, 34, 31, 33, 42, 34, 20, 21, 35, 30, 40, 35, 35, 27, 45, 42, 36, 40, 21, 45, 30, 40]
x1: [21, 26, 28, 21, 25, 21, 28, 26, 29, 24, 21, 25, 27, 29, 26, 25, 29, 20, 27, 21, 26, 25, 21, 28, 29, 49, 40, 50, 42, 48, 45, 39, 37, 42, 39, 46, 46, 44, 48, 41, 48, 43, 44, 48, 37, 49, 38, 41, 49, 35]
x2: [39, 31, 38, 37, 35, 38, 33, 31, 33, 41, 41, 36, 41, 32, 44, 37, 36, 42, 40, 45, 43, 35, 40, 40, 30, 25, 28, 35, 35, 26, 23, 21, 38, 33, 45, 36, 35, 41, 34, 42, 43, 38, 25, 34, 36, 32, 41, 45, 45, 40]
x1: [25, 27, 27, 27, 24, 22, 21, 22, 22, 27, 27, 30, 21, 22, 23, 27, 27, 21, 27, 30, 30, 21, 23, 24, 24, 46, 36, 42, 39, 41, 45, 47, 36, 49, 50, 39, 48, 39, 49, 44, 50, 47, 47, 44, 40, 50, 35, 40, 43, 41]
x2: [31, 43, 35, 35, 40, 41, 39, 40, 32, 42, 43, 43, 42, 39, 38, 45, 40, 42, 36, 33, 45, 40, 45, 31, 37, 37, 26, 32, 30, 29, 29, 35, 23, 33, 25, 20, 36, 28, 42, 21, 45, 22, 37, 27, 39, 40, 20, 34, 31, 37]
x1: [20, 28, 27, 24, 28, 30, 21, 24, 22, 29, 25, 27, 20, 26, 21, 25, 28, 22, 30, 21, 26, 23, 20, 28, 25, 41, 47, 50, 42, 36, 48, 38, 46, 47, 46, 49, 35, 47, 44, 43, 45, 35, 44, 37, 41, 45, 37, 49, 48, 46]
x2: [39, 42, 30, 42, 32, 43, 35, 41, 36, 42, 36, 43, 45, 39, 40, 45, 42, 41, 44, 42, 45, 43, 31, 31, 30, 26, 24, 25, 45, 21, 35, 27, 29, 45, 44, 33, 37, 32, 44, 33, 34, 30, 44, 42, 43, 32, 40, 24, 29, 32]
x1: [21, 24, 23, 22, 29, 27, 23, 24, 25, 23, 30, 28, 25, 21, 22, 26, 28, 30, 28, 30, 21, 27, 26, 21, 29, 38, 46, 35, 40, 41, 40, 36, 48, 47, 44, 37, 35, 50, 42, 43, 38, 49, 43, 42, 49, 50, 48, 41, 42, 50]
x2: [39, 44, 37, 33, 37, 34, 37, 37, 39, 32, 41, 32, 39, 37, 41, 38, 36, 33, 42, 41, 40, 42, 34, 32, 30, 37, 22, 39, 20, 39, 27, 43, 31, 31, 31, 24, 31, 29, 28, 25, 36, 27, 21, 34, 35, 22, 42, 21, 36, 26]
x1: [23, 24, 27, 25, 28, 21, 23, 29, 21, 23, 21, 28, 21, 24, 24, 20, 27, 23, 20, 30, 23, 24, 27, 30, 27, 40, 37, 49, 50, 50, 40, 46, 35, 42, 43, 47, 36, 43, 37, 35, 47, 50, 39, 41, 47, 40, 38, 50, 43, 35]
x2: [35, 38, 38, 30, 37, 42, 37, 40, 37, 31, 33, 36, 45, 36, 40, 33, 33, 42, 44, 34, 33, 35, 37, 37, 34, 34, 37, 30, 34, 26, 42, 29, 40, 32, 28, 31, 25, 40, 41, 32, 41, 34, 45, 44, 22, 40, 30, 40, 21, 37]
x1: [20, 26, 25, 27, 29, 28, 22, 22, 21, 23, 27, 24, 20, 20, 24, 28, 22, 23, 29, 24, 28, 28, 22, 30, 30, 42, 38, 42, 49, 35, 48, 43, 43, 37, 44, 47, 35, 48, 47, 48, 50, 42, 42, 42, 44, 42, 35, 36, 37, 43]
x2: [43, 30, 39, 42, 36, 43, 30, 39, 39, 39, 34, 37, 39, 33, 38, 31, 31, 40, 40, 40, 35, 33, 37, 30, 34, 44, 43, 39, 27, 26, 37, 26, 21, 27, 36, 35, 21, 43, 40, 35, 45, 25, 35, 41, 32, 40, 29, 26, 44, 38]
x1: [22, 22, 24, 22, 27, 29, 21, 27, 24, 26, 25, 26, 20, 25, 26, 20, 26, 23, 23, 27, 25, 22, 30, 20, 21, 36, 43, 49, 45, 42, 40, 38, 46, 50, 35, 44, 49, 39, 50, 45, 41, 41, 46, 38, 48, 47, 44, 50, 47, 40]
x2: [38, 32, 43, 30, 43, 35, 45, 37, 32, 38, 32, 30, 41, 32, 30, 44, 43, 44, 32, 38, 40, 41, 31, 31, 43, 38, 31, 32, 26, 23, 38, 27, 32, 36, 33, 35, 41, 39, 38, 21, 20, 26, 36, 39, 23, 37, 32, 29, 45, 21]
x1: [54, 85, 48, 82, 12, 23, 0, 58, 94, 1, 58, 27, 82, 18, 85, 36, 91, 32, 8, 90, 57, 0, 17, 63, 72, 83, 98, 6, 67, 19, 83, 67, 8, 56, 78, 83, 73, 72, 37, 13, 38, 66, 23, 37, 68, 20, 89, 98, 60, 59]
x2: [92, 76, 27, 70, 33, 65, 54, 86, 20, 89, 46, 36, 82, 86, 3, 7, 21, 14, 57, 23, 40, 52, 9, 78, 54, 69, 11, 44, 3, 59, 83, 49, 91, 81, 75, 7, 11, 87, 26, 80, 5, 92, 88, 30, 26, 33, 70, 34, 45, 81]
x1: [85, 0, 83, 47, 50, 17, 13, 34, 43, 12, 98, 18, 3, 97, 96, 12, 4, 65, 14, 28, 49, 94, 38, 96, 100, 46, 10, 86, 99, 79, 78, 95, 28, 77, 8, 84, 22, 86, 32, 65, 53, 44, 26, 61, 93, 43, 57, 7, 84, 2]
x2: [30, 4, 14, 6, 44, 23, 2, 68, 27, 25, 93, 4, 82, 9, 45, 11, 94, 60, 18, 58, 72, 34, 56, 98, 88, 75, 13, 55, 32, 19, 67, 17, 98, 18, 4, 77, 21, 59, 80, 33, 1, 72, 73, 53, 51, 65, 44, 12, 5, 91]
x1: [98, 87, 25, 65, 9, 60, 28, 8, 17, 34, 91, 4, 38, 13, 62, 78, 56, 32, 92, 23, 71, 46, 51, 25, 63, 44, 49, 91, 2, 26, 87, 15, 21, 23, 6, 87, 95, 71, 2, 63, 24, 93, 100, 85, 28, 95, 28, 23, 36, 16]
x2: [53, 14, 40, 49, 22, 72, 21, 60, 88, 66, 76, 52, 37, 15, 90, 56, 6, 94, 49, 10, 47, 1, 1, 74, 16, 43, 64, 42, 83, 16, 83, 53, 60, 57, 94, 91, 59, 87, 38, 92, 90, 8, 48, 6, 9, 67, 42, 29, 90, 76]
x1: [94, 81, 71, 27, 30, 85, 56, 28, 70, 59, 54, 34, 33, 64, 86, 49, 6, 56, 93, 29, 8, 56, 54, 32, 92, 91, 45, 86, 54, 54, 28, 33, 71, 57, 11, 35, 51, 42, 45, 67, 100, 26, 45, 1, 90, 81, 58, 3, 84, 96]
x2: [81, 3, 13, 21, 90, 65, 81, 52, 94, 100, 89, 99, 60, 96, 61, 93, 26, 36, 71, 42, 91, 16, 37, 41, 77, 46, 82, 78, 60, 13, 12, 6, 59, 99, 95, 51, 4, 44, 7, 32, 37, 76, 89, 67, 41, 100, 99, 18, 73, 17]
x1: [88, 73, 99, 39, 31, 0, 80, 25, 69, 57, 93, 57, 25, 48, 39, 25, 71, 100, 88, 66, 63, 28, 40, 92, 40, 13, 66, 69, 59, 66, 11, 57, 43, 29, 45, 51, 7, 26, 15, 5, 11, 0, 70, 11, 46, 52, 62, 91, 48, 81]
x2: [37, 66, 56, 3, 92, 98, 17, 45, 62, 18, 16, 43, 69, 78, 4, 98, 24, 61, 72, 68, 50, 26, 51, 11, 69, 88, 53, 96, 59, 53, 78, 1, 82, 88, 83, 77, 18, 43, 37, 59, 10, 71, 1, 60, 0, 61, 7, 10, 45, 63]
x1: [48, 1, 42, 79, 46, 93, 71, 42, 24, 97, 23, 55, 16, 55, 77, 80, 11, 1, 30, 64, 25, 72, 51, 78, 43, 84, 49, 1, 88, 68, 21, 20, 5, 80, 42, 93, 16, 100, 3, 35, 89, 88, 88, 25, 89, 47, 82, 52, 14, 95]
x2: [56, 6, 96, 94, 45, 25, 1, 9, 18, 38, 32, 7, 16, 50, 98, 59, 42, 57, 22, 60, 58, 0, 66, 94, 34, 86, 76, 87, 33, 35, 21, 50, 95, 89, 18, 94, 58, 10, 77, 97, 82, 44, 13, 60, 95, 22, 33, 74, 52, 82]
x1: [35, 81, 100, 51, 1, 55, 53, 39, 67, 19, 61, 78, 29, 27, 46, 64, 95, 35, 37, 67, 13, 95, 54, 55, 31, 95, 94, 52, 80, 8, 63, 72, 4, 18, 71, 49, 99, 49, 76, 55, 61, 35, 90, 16, 26, 13, 28, 24, 95, 86]
x2: [55, 33, 35, 80, 62, 50, 30, 13, 50, 84, 37, 39, 43, 94, 55, 31, 33, 62, 81, 78, 64, 81, 36, 55, 68, 87, 62, 84, 38, 73, 10, 33, 5, 20, 81, 87, 90, 71, 46, 13, 41, 37, 82, 78, 14, 56, 3, 23, 78, 53]
x1: [81, 70, 96, 75, 55, 38, 62, 37, 39, 48, 62, 46, 37, 93, 58, 89, 86, 15, 62, 0, 89, 52, 39, 9, 86, 21, 51, 5, 32, 60, 23, 12, 45, 65, 29, 22, 91, 93, 15, 6, 58, 89, 16, 59, 30, 90, 41, 64, 99, 27]
x2: [19, 25, 50, 95, 7, 57, 6, 86, 43, 57, 86, 83, 68, 64, 97, 51, 42, 50, 45, 93, 27, 38, 61, 10, 38, 22, 24, 18, 40, 95, 64, 78, 93, 82, 63, 71, 76, 58, 96, 77, 22, 32, 93, 20, 9, 27, 65, 81, 66, 58]
x1: [10, 4, 34, 47, 79, 63, 26, 8, 74, 91, 89, 5, 78, 17, 55, 82, 96, 62, 100, 4, 15, 60, 40, 57, 42, 30, 36, 97, 68, 56, 10, 99, 11, 32, 93, 65, 66, 67, 53, 90, 13, 0, 45, 79, 32, 44, 69, 3, 97, 59]
x2: [75, 32, 47, 13, 86, 5, 99, 4, 19, 15, 38, 11, 65, 5, 59, 9, 78, 80, 23, 37, 20, 98, 39, 35, 0, 10, 0, 69, 58, 97, 85, 36, 86, 73, 68, 29, 6, 90, 3, 48, 37, 18, 35, 20, 45, 80, 59, 58, 54, 0]
x1: [84, 68, 80, 80, 4, 54, 18, 66, 81, 94, 8, 85, 91, 7, 6, 67, 35, 79, 14, 57, 95, 10, 41, 70, 87, 31, 36, 73, 32, 63, 63, 36, 17, 6, 11, 60, 19, 40, 41, 43, 89, 54, 28, 83, 76, 86, 87, 54, 24, 4]
x2: [87, 51, 50, 49, 84, 83, 45, 34, 28, 61, 52, 20, 67, 81, 27, 27, 25, 50, 30, 44, 35, 96, 67, 32, 49, 72, 3, 78, 18, 37, 82, 100, 87, 62, 57, 61, 72, 69, 17, 51, 83, 59, 49, 88, 26, 28, 8, 13, 68, 71]
x1: [22, 24, 11, 23, 21, 19, 11, 13, 12, 20, 27, 10, 24, 22, 30, 19, 25, 23, 16, 12, 15, 29, 25, 21, 19, 55, 49, 41, 45, 48, 53, 47, 40, 47, 54, 46, 46, 51, 55, 41, 40, 52, 44, 55, 47, 41, 53, 47, 43, 40, 70, 81, 73, 78, 72, 72, 83, 85, 77, 76, 72, 74, 81, 75, 85, 81, 76, 76, 74, 67, 69, 78, 74, 75, 79]
x2: [28, 31, 27, 33, 33, 25, 29, 27, 35, 31, 25, 38, 35, 25, 32, 27, 33, 39, 35, 27, 30, 35, 32, 28, 25, 58, 50, 50, 62, 58, 52, 63, 65, 58, 56, 51, 64, 59, 55, 61, 51, 62, 50, 51, 53, 55, 59, 60, 63, 51, 75, 77, 89, 77, 84, 81, 86, 77, 87, 84, 87, 88, 84, 86, 81, 84, 89, 87, 89, 79, 88, 81, 77, 77, 85]
x1: [15, 13, 15, 17, 29, 25, 26, 29, 19, 17, 13, 19, 15, 30, 26, 11, 21, 29, 23, 22, 30, 22, 28, 26, 12, 53, 45, 46, 55, 53, 48, 48, 50, 43, 49, 40, 54, 42, 45, 45, 49, 53, 48, 47, 52, 52, 49, 52, 45, 49, 83, 74, 66, 75, 84, 65, 76, 75, 66, 81, 70, 70, 69, 80, 73, 69, 73, 82, 68, 80, 83, 81, 75, 84, 82]
x2: [30, 33, 27, 26, 27, 26, 31, 29, 32, 25, 29, 39, 28, 35, 35, 31, 36, 36, 27, 30, 28, 34, 34, 35, 34, 51, 57, 57, 63, 63, 54, 60, 58, 58, 62, 58, 51, 57, 56, 51, 52, 61, 62, 52, 64, 61, 63, 61, 61, 62, 82, 78, 89, 80, 88, 79, 77, 89, 76, 75, 89, 87, 85, 76, 77, 78, 84, 87, 88, 75, 88, 76, 80, 88, 81]
x1: [20, 19, 15, 23, 28, 10, 17, 20, 20, 21, 26, 23, 21, 26, 21, 13, 18, 24, 22, 23, 23, 25, 30, 24, 16, 49, 49, 49, 53, 46, 48, 40, 41, 44, 49, 50, 45, 54, 54, 54, 45, 50, 41, 53, 50, 50, 50, 51, 50, 47, 70, 79, 66, 75, 67, 73, 68, 78, 65, 84, 82, 76, 83, 79, 76, 85, 66, 68, 72, 77, 67, 73, 79, 83, 68]
x2: [36, 36, 31, 29, 30, 36, 37, 27, 40, 31, 38, 37, 29, 25, 33, 29, 28, 36, 27, 26, 37, 33, 40, 32, 34, 55, 55, 54, 64, 51, 65, 61, 57, 55, 62, 64, 58, 55, 62, 58, 59, 60, 54, 65, 63, 59, 60, 52, 51, 63, 80, 75, 83, 86, 84, 78, 86, 76, 77, 89, 90, 78, 86, 82, 81, 81, 90, 79, 80, 78, 76, 76, 83, 83, 82]
x1: [14, 10, 22, 24, 24, 14, 25, 19, 13, 11, 22, 15, 25, 17, 13, 25, 25, 26, 12, 28, 30, 19, 12, 28, 28, 45, 41, 40, 40, 41, 42, 43, 44, 45, 45, 45, 40, 46, 41, 43, 54, 55, 48, 47, 48, 44, 43, 51, 51, 43, 69, 76, 74, 69, 80, 70, 71, 74, 74, 83, 66, 78, 68, 79, 67, 71, 76, 72, 85, 83, 65, 84, 65, 72, 85]
x2: [31, 30, 38, 28, 36, 32, 25, 36, 36, 38, 26, 29, 28, 29, 31, 26, 38, 28, 39, 27, 39, 27, 25, 38, 27, 57, 61, 54, 61, 53, 56, 57, 62, 62, 65, 61, 52, 59, 56, 59, 62, 53, 63, 56, 54, 60, 55, 51, 62, 57, 83, 90, 79, 89, 85, 79, 81, 88, 82, 82, 86, 84, 85, 85, 85, 86, 89, 82, 85, 89, 77, 89, 88, 88, 85]
x1: [18, 22, 17, 15, 20, 21, 30, 24, 30, 11, 22, 27, 11, 20, 13, 28, 22, 18, 20, 27, 14, 24, 21, 22, 14, 40, 55, 43, 49, 55, 52, 53, 48, 44, 41, 45, 48, 41, 55, 45, 41, 40, 54, 40, 50, 49, 46, 47, 49, 48, 80, 68, 84, 67, 79, 72, 75, 82, 83, 75, 69, 83, 84, 77, 84, 76, 85, 67, 84, 76, 67, 72, 73, 73, 84]
x2: [27, 39, 25, 29, 38, 36, 30, 39, 40, 27, 27, 28, 31, 27, 33, 28, 26, 31, 38, 40, 28, 37, 33, 28, 38, 55, 62, 60, 50, 50, 51, 65, 53, 62, 52, 54, 53, 61, 51, 53, 55, 52, 54, 59, 56, 61, 52, 54, 50, 54, 79, 86, 80, 78, 87, 79, 77, 79, 78, 83, 90, 80, 84, 80, 86, 88, 87, 83, 84, 88, 89, 78, 88, 90, 83]
x1: [28, 13, 28, 21, 13, 17, 10, 22, 26, 25, 28, 10, 16, 18, 24, 16, 27, 21, 22, 23, 27, 28, 26, 23, 14, 50, 55, 47, 48, 45, 47, 44, 48, 47, 42, 43, 45, 43, 44, 54, 55, 53, 43, 53, 46, 40, 45, 53, 49, 40, 65, 72, 74, 74, 74, 72, 75, 70, 71, 79, 78, 74, 85, 65, 78, 80, 84, 82, 68, 75, 77, 71, 66, 74, 76]
x2: [40, 36, 27, 27, 26, 37, 38, 31, 35, 36, 33, 33, 40, 31, 39, 30, 39, 30, 27, 30, 25, 39, 28, 32, 32, 61, 61, 57, 64, 56, 54, 64, 56, 63, 61, 52, 62, 51, 58, 55, 61, 63, 51, 61, 58, 60, 50, 50, 61, 54, 79, 81, 84, 76, 86, 88, 75, 88, 90, 86, 85, 88, 75, 80, 77, 88, 88, 88, 78, 89, 90, 81, 85, 79, 81]
x1: [10, 26, 27, 11, 13, 14, 24, 23, 27, 22, 12, 29, 22, 22, 29, 14, 24, 10, 29, 25, 24, 25, 26, 14, 30, 55, 54, 50, 41, 50, 42, 44, 47, 44, 44, 50, 50, 51, 53, 52, 42, 51, 42, 49, 53, 40, 55, 52, 53, 43, 77, 73, 82, 70, 85, 78, 74, 79, 77, 77, 80, 69, 71, 82, 81, 73, 81, 73, 66, 77, 65, 84, 73, 80, 71]
x2: [29, 37, 33, 34, 35, 40, 34, 26, 39, 33, 40, 27, 30, 32, 33, 39, 38, 34, 35, 34, 36, 25, 31, 38, 25, 53, 64, 55, 61, 62, 54, 62, 63, 54, 55, 54, 62, 52, 51, 50, 62, 65, 62, 55, 65, 60, 54, 63, 62, 62, 76, 79, 80, 82, 86, 81, 81, 78, 87, 81, 85, 81, 90, 85, 75, 76, 84, 79, 78, 81, 80, 89, 90, 85, 80]
x1: [25, 22, 18, 20, 26, 25, 14, 12, 17, 13, 10, 18, 27, 20, 30, 15, 14, 19, 29, 30, 14, 26, 30, 22, 21, 49, 45, 52, 52, 47, 41, 50, 53, 41, 46, 41, 51, 46, 40, 52, 52, 42, 51, 49, 48, 50, 46, 43, 45, 53, 84, 71, 81, 78, 69, 73, 84, 84, 73, 76, 80, 80, 71, 79, 82, 76, 74, 76, 69, 67, 76, 73, 79, 76, 66]
x2: [25, 38, 39, 35, 25, 37, 25, 25, 32, 35, 40, 26, 38, 29, 36, 34, 33, 38, 25, 32, 29, 40, 33, 33, 25, 56, 54, 52, 60, 51, 50, 63, 52, 59, 62, 55, 56, 50, 63, 65, 60, 55, 58, 64, 52, 50, 63, 52, 53, 52, 86, 79, 90, 78, 75, 87, 79, 86, 79, 84, 78, 84, 75, 87, 82, 90, 78, 79, 80, 85, 89, 87, 81, 79, 79]
x1: [16, 20, 25, 12, 25, 17, 10, 12, 26, 22, 26, 13, 13, 20, 17, 22, 13, 28, 13, 17, 25, 21, 15, 24, 25, 46, 44, 40, 49, 53, 54, 50, 48, 53, 48, 44, 53, 45, 55, 48, 40, 41, 52, 40, 49, 40, 47, 47, 42, 49, 67, 69, 72, 84, 84, 72, 73, 83, 74, 66, 84, 76, 73, 82, 82, 65, 85, 81, 68, 80, 73, 76, 79, 73, 66]
x2: [40, 38, 26, 31, 32, 37, 39, 39, 29, 26, 27, 26, 40, 38, 35, 28, 36, 36, 28, 33, 35, 38, 39, 31, 27, 52, 55, 61, 55, 57, 53, 57, 63, 64, 53, 52, 60, 59, 62, 54, 51, 59, 63, 64, 57, 54, 56, 60, 57, 57, 82, 81, 90, 79, 78, 87, 83, 81, 82, 80, 86, 82, 90, 75, 75, 89, 82, 77, 79, 79, 80, 83, 76, 79, 75]
x1: [19, 20, 28, 27, 21, 25, 15, 26, 15, 27, 27, 30, 18, 24, 26, 30, 25, 17, 12, 10, 12, 24, 30, 21, 13, 48, 43, 52, 51, 47, 41, 53, 47, 52, 52, 46, 52, 52, 54, 41, 52, 44, 49, 48, 43, 47, 47, 44, 40, 51, 71, 77, 73, 66, 79, 65, 80, 69, 70, 69, 82, 77, 76, 66, 74, 71, 85, 83, 67, 75, 85, 70, 76, 84, 74]
x2: [36, 32, 35, 31, 25, 33, 36, 28, 25, 29, 37, 29, 30, 40, 30, 35, 28, 25, 30, 34, 25, 29, 34, 28, 29, 52, 56, 59, 51, 58, 60, 58, 60, 56, 51, 51, 63, 64, 60, 50, 55, 50, 56, 62, 55, 52, 53, 54, 55, 53, 87, 90, 83, 80, 78, 89, 79, 89, 78, 82, 77, 76, 81, 79, 77, 83, 79, 81, 90, 90, 75, 77, 78, 76, 78]
x1: [26, 11, 13, 21, 21, 17, 23, 26, 19, 25, 15, 30, 11, 21, 29, 26, 11, 30, 24, 22, 10, 26, 25, 23, 10, 45, 40, 43, 40, 49, 51, 53, 41, 55, 54, 43, 45, 48, 55, 48, 41, 54, 55, 52, 43, 41, 50, 51, 51, 42, 84, 85, 76, 68, 65, 67, 80, 84, 83, 80, 65, 77, 69, 75, 70, 84, 73, 73, 73, 79, 73, 85, 84, 70, 73]
x2: [79, 84, 88, 90, 82, 79, 85, 79, 81, 79, 86, 78, 77, 87, 88, 81, 81, 80, 79, 83, 79, 78, 77, 82, 77, 55, 60, 59, 51, 54, 58, 52, 51, 64, 53, 62, 55, 54, 64, 59, 51, 62, 54, 61, 55, 61, 64, 62, 55, 52, 26, 30, 30, 34, 34, 31, 27, 37, 26, 30, 25, 35, 36, 27, 29, 33, 38, 39, 28, 35, 39, 33, 40, 35, 36]
x1: [24, 21, 16, 13, 30, 13, 15, 11, 23, 10, 11, 28, 19, 20, 24, 19, 17, 24, 22, 27, 16, 29, 22, 15, 10, 41, 45, 45, 52, 55, 49, 43, 50, 51, 49, 45, 42, 53, 44, 47, 40, 45, 55, 41, 55, 47, 44, 47, 47, 48, 66, 71, 71, 80, 82, 79, 72, 66, 70, 83, 81, 68, 71, 72, 67, 72, 74, 66, 75, 72, 66, 73, 70, 77, 72]
x2: [77, 75, 82, 85, 90, 79, 90, 79, 83, 84, 83, 84, 87, 86, 76, 82, 82, 75, 87, 77, 81, 83, 86, 75, 89, 64, 56, 53, 63, 53, 57, 65, 63, 60, 65, 51, 51, 56, 59, 54, 63, 53, 54, 51, 64, 63, 63, 57, 58, 55, 30, 32, 31, 33, 34, 28, 33, 28, 36, 28, 30, 31, 39, 37, 30, 28, 27, 28, 40, 40, 32, 30, 39, 36, 39]
x1: [24, 22, 10, 13, 17, 10, 26, 24, 29, 14, 25, 14, 26, 16, 21, 22, 18, 19, 28, 25, 20, 12, 24, 25, 11, 45, 54, 49, 55, 47, 42, 47, 53, 54, 48, 55, 54, 48, 53, 54, 41, 43, 46, 54, 46, 44, 54, 42, 52, 44, 83, 80, 74, 71, 81, 71, 65, 74, 68, 71, 80, 78, 68, 67, 78, 82, 71, 73, 74, 82, 73, 66, 67, 65, 85]
x2: [89, 82, 86, 82, 84, 76, 90, 82, 76, 82, 77, 84, 76, 83, 81, 78, 90, 80, 82, 83, 87, 88, 83, 85, 86, 53, 57, 56, 51, 54, 56, 65, 56, 57, 57, 65, 53, 59, 54, 62, 60, 59, 60, 52, 64, 52, 58, 58, 61, 50, 26, 39, 34, 35, 29, 25, 34, 29, 30, 36, 36, 39, 38, 35, 39, 38, 28, 25, 26, 39, 25, 26, 33, 30, 34]
x1: [14, 17, 14, 15, 16, 12, 10, 12, 21, 21, 29, 14, 18, 24, 20, 11, 17, 15, 27, 27, 27, 30, 19, 10, 12, 45, 47, 54, 40, 48, 41, 51, 42, 46, 50, 54, 48, 40, 54, 55, 52, 51, 43, 52, 43, 41, 41, 55, 42, 44, 81, 72, 84, 76, 80, 71, 80, 75, 76, 79, 70, 73, 71, 80, 72, 69, 72, 79, 68, 84, 78, 84, 84, 74, 77]
x2: [80, 82, 90, 81, 84, 90, 80, 84, 85, 84, 77, 79, 82, 83, 87, 85, 75, 78, 85, 88, 77, 82, 79, 87, 86, 63, 61, 55, 64, 52, 51, 63, 59, 50, 60, 57, 56, 56, 60, 55, 50, 51, 62, 54, 65, 65, 55, 56, 55, 54, 37, 27, 35, 31, 34, 25, 39, 33, 40, 30, 38, 31, 36, 31, 35, 30, 40, 32, 32, 25, 32, 29, 38, 35, 32]
x1: [30, 11, 12, 26, 11, 21, 10, 30, 17, 23, 21, 17, 11, 29, 28, 10, 13, 24, 22, 24, 22, 29, 29, 23, 15, 48, 43, 43, 48, 50, 55, 45, 47, 46, 53, 45, 55, 52, 42, 55, 48, 40, 50, 44, 46, 46, 48, 52, 46, 45, 66, 84, 77, 73, 81, 82, 71, 72, 72, 70, 75, 72, 66, 77, 80, 66, 76, 77, 82, 82, 83, 81, 81, 75, 83]
x2: [75, 80, 87, 88, 86, 88, 81, 79, 80, 81, 82, 89, 79, 86, 84, 89, 89, 76, 83, 90, 86, 80, 82, 76, 82, 50, 59, 53, 54, 58, 59, 60, 52, 51, 59, 54, 65, 53, 63, 54, 60, 54, 60, 53, 51, 54, 57, 55, 65, 64, 31, 36, 30, 25, 32, 32, 38, 30, 38, 39, 27, 29, 33, 29, 38, 38, 40, 32, 26, 30, 36, 40, 31, 33, 30]
x1: [30, 13, 22, 18, 17, 18, 23, 27, 19, 15, 14, 20, 24, 24, 11, 12, 11, 21, 13, 13, 21, 16, 11, 11, 17, 55, 53, 54, 53, 41, 48, 40, 41, 50, 53, 45, 46, 41, 53, 44, 51, 42, 45, 41, 46, 47, 52, 43, 42, 43, 76, 70, 71, 81, 71, 71, 73, 79, 81, 84, 76, 65, 80, 85, 81, 70, 80, 68, 81, 71, 84, 78, 70, 71, 65]
x2: [78, 76, 78, 90, 82, 83, 76, 77, 84, 87, 77, 78, 84, 87, 89, 85, 79, 87, 83, 82, 77, 88, 82, 86, 86, 50, 53, 53, 51, 55, 50, 57, 63, 55, 60, 52, 65, 57, 62, 58, 61, 54, 53, 64, 62, 63, 62, 60, 63, 57, 25, 40, 25, 28, 29, 25, 30, 34, 32, 25, 37, 34, 29, 34, 37, 33, 28, 38, 36, 26, 36, 40, 29, 28, 37]
x1: [15, 16, 15, 14, 20, 20, 28, 16, 10, 10, 20, 17, 17, 17, 21, 19, 10, 22, 25, 25, 27, 11, 12, 15, 17, 43, 44, 44, 51, 51, 40, 40, 55, 52, 52, 40, 54, 44, 49, 40, 55, 53, 43, 48, 50, 50, 45, 52, 49, 47, 80, 74, 84, 81, 71, 80, 65, 85, 78, 76, 70, 66, 69, 75, 80, 65, 69, 76, 72, 68, 67, 73, 67, 70, 72]
x2: [90, 75, 77, 86, 89, 76, 75, 84, 83, 78, 85, 89, 83, 86, 90, 84, 78, 87, 83, 89, 87, 84, 87, 80, 78, 58, 63, 62, 57, 63, 58, 60, 53, 63, 58, 52, 60, 65, 60, 52, 51, 50, 55, 53, 61, 64, 51, 54, 64, 63, 27, 26, 31, 25, 35, 38, 37, 32, 36, 39, 34, 37, 33, 29, 25, 25, 38, 25, 29, 36, 27, 33, 28, 37, 33]
x1: [10, 26, 22, 21, 13, 15, 23, 14, 12, 28, 23, 19, 14, 28, 20, 20, 13, 18, 22, 23, 21, 14, 15, 24, 20, 53, 44, 52, 40, 51, 50, 47, 51, 48, 53, 46, 41, 45, 52, 52, 43, 46, 51, 49, 50, 50, 50, 54, 47, 49, 72, 65, 78, 80, 75, 83, 69, 75, 77, 83, 79, 85, 72, 79, 80, 80, 75, 78, 74, 73, 84, 85, 72, 67, 68]
x2: [83, 85, 78, 87, 84, 75, 78, 83, 87, 80, 87, 83, 80, 76, 90, 81, 86, 86, 82, 89, 90, 81, 89, 84, 85, 57, 64, 62, 50, 61, 63, 51, 63, 65, 62, 52, 60, 51, 51, 51, 61, 62, 59, 50, 51, 57, 56, 62, 60, 55, 40, 36, 26, 37, 26, 30, 29, 38, 32, 32, 40, 33, 32, 28, 34, 37, 30, 40, 34, 26, 34, 34, 39, 25, 35]
x1: [26, 15, 30, 20, 12, 10, 23, 23, 14, 17, 30, 23, 18, 20, 21, 10, 16, 28, 23, 28, 11, 25, 22, 17, 22, 43, 44, 50, 51, 45, 50, 49, 50, 40, 51, 52, 54, 40, 50, 47, 54, 41, 46, 41, 43, 51, 47, 42, 48, 55, 75, 84, 72, 66, 85, 82, 81, 81, 67, 69, 84, 76, 69, 67, 80, 78, 71, 85, 83, 65, 66, 65, 69, 71, 66]
x2: [79, 85, 77, 80, 79, 90, 87, 84, 82, 88, 77, 81, 80, 82, 87, 90, 77, 86, 77, 80, 78, 89, 75, 77, 84, 57, 64, 50, 53, 59, 56, 57, 60, 50, 65, 61, 63, 52, 62, 63, 54, 62, 63, 62, 50, 59, 57, 57, 51, 55, 26, 36, 31, 29, 34, 25, 31, 37, 28, 37, 26, 37, 34, 27, 35, 28, 27, 27, 36, 40, 25, 33, 29, 27, 38]
x1: [26, 18, 17, 23, 28, 14, 25, 18, 19, 21, 15, 24, 26, 28, 16, 29, 19, 18, 17, 13, 24, 18, 22, 10, 10, 46, 42, 46, 40, 45, 49, 50, 48, 52, 41, 40, 43, 49, 42, 46, 51, 48, 53, 42, 52, 40, 43, 42, 46, 48, 68, 82, 67, 79, 67, 71, 66, 71, 68, 77, 67, 80, 76, 77, 71, 71, 72, 67, 68, 70, 71, 76, 83, 80, 72]
x2: [90, 85, 78, 85, 85, 83, 88, 75, 87, 76, 78, 85, 88, 78, 79, 75, 89, 76, 82, 78, 77, 82, 84, 85, 82, 62, 65, 65, 63, 55, 65, 54, 64, 52, 52, 62, 50, 55, 62, 50, 65, 55, 51, 53, 55, 54, 56, 55, 60, 65, 27, 30, 35, 31, 33, 28, 27, 39, 33, 37, 30, 34, 25, 28, 38, 37, 30, 38, 30, 38, 35, 33, 33, 35, 40]
